5.086604000000000125e-02
4.987737999999999894e-02
5.675911000000000151e-02
9.906086999999999532e-02
1.227956999999999937e-01
1.201431000000000027e-01
1.161713000000000051e-01
1.070929999999999938e-01
1.143688000000000066e-01
1.077512999999999943e-01
9.975625000000000464e-02
9.383352000000000359e-02
9.086729999999999807e-02
8.523796000000000150e-02
7.202537999999999996e-02
5.924292999999999920e-02
6.654126000000000485e-02
1.392748000000000042e-01
1.965057000000000054e-01
1.910017999999999994e-01
1.162645000000000067e-01
1.372132000000000074e-01
1.413110999999999950e-01
1.241821000000000036e-01
1.132400999999999963e-01
