1.540520000000000084e-02
1.825312999999999936e-02
2.158258999999999872e-02
2.712240000000000137e-02
3.145023000000000263e-02
3.191212999999999689e-02
3.442072999999999661e-02
4.259323000000000276e-02
4.829150000000000109e-02
4.885725999999999958e-02
5.917323000000000027e-02
7.406862000000000168e-02
6.015501999999999655e-02
6.887704000000000049e-02
1.000114000000000003e-01
1.513641000000000014e-01
1.389636999999999956e-01
2.134929999999999883e-01
1.587666000000000077e-01
1.102180999999999994e-01
1.253701999999999872e-01
6.936947999999999726e-02
7.945444000000000118e-02
5.910358999999999752e-02
5.076525999999999955e-02
