2.945261000000000060e-02
3.400013000000000341e-02
4.027133000000000101e-02
6.060597000000000206e-02
8.315564000000000289e-02
8.085038999999999421e-02
7.921804999999999819e-02
7.588393000000000221e-02
8.008221999999999563e-02
7.433473000000000164e-02
6.792191000000000201e-02
6.185965999999999687e-02
5.256587000000000065e-02
4.827994000000000036e-02
6.272400999999999671e-02
1.028590999999999950e-01
1.482507999999999881e-01
1.346262000000000014e-01
1.209331000000000017e-01
1.760626000000000135e-01
1.202283999999999992e-01
1.028855000000000047e-01
1.155478999999999951e-01
1.119233000000000033e-01
9.247974999999999945e-02
