5.436995000000000022e-02
5.113496000000000014e-02
6.249629000000000295e-02
9.584584999999999633e-02
1.216573999999999989e-01
1.169532999999999962e-01
1.177958000000000061e-01
1.087410999999999933e-01
1.047107000000000038e-01
1.056673000000000057e-01
1.026008000000000059e-01
9.905848999999999904e-02
9.008098000000000494e-02
8.377993999999999719e-02
6.754725000000000312e-02
5.477669999999999761e-02
6.779801000000000577e-02
1.564840999999999871e-01
1.968876999999999988e-01
1.848239999999999883e-01
1.186199000000000003e-01
1.407528999999999864e-01
1.372976999999999947e-01
1.255831000000000031e-01
1.080302000000000068e-01
