1.471471000000000029e-01
1.195866000000000012e-01
1.073358999999999980e-01
1.321840999999999988e-01
1.429601000000000066e-01
1.313175000000000037e-01
1.271013000000000004e-01
1.167930999999999969e-01
1.178883000000000014e-01
1.179510000000000003e-01
1.107086999999999932e-01
1.134315999999999935e-01
1.156168999999999947e-01
1.254504999999999926e-01
1.365408999999999928e-01
1.548480999999999885e-01
1.576861999999999986e-01
1.387725999999999960e-01
1.033931000000000017e-01
1.161781000000000064e-01
7.520063999999999915e-02
1.065547000000000022e-01
1.515506000000000075e-01
1.678466999999999876e-01
1.247763999999999956e-01
