3.347296999999999773e-02
3.558893999999999946e-02
4.550719999999999765e-02
6.801116000000000106e-02
8.739030000000000409e-02
8.406460000000000321e-02
8.328763999999999612e-02
8.136609999999999676e-02
7.853089000000000597e-02
7.276594999999999591e-02
7.080740000000000645e-02
6.422469999999999568e-02
5.329342000000000107e-02
5.333239000000000035e-02
7.293173000000000017e-02
1.250915999999999972e-01
1.472861000000000031e-01
1.254554999999999976e-01
1.415625000000000078e-01
1.768201000000000078e-01
1.298460999999999921e-01
1.083633999999999986e-01
1.158237000000000017e-01
1.088100000000000039e-01
9.144123999999999308e-02
