1.169929999999999998e-01
1.042227000000000015e-01
1.187808999999999948e-01
1.322558000000000067e-01
1.451522000000000090e-01
1.327089999999999936e-01
1.307270000000000099e-01
1.195126999999999995e-01
1.238961999999999980e-01
1.157133000000000050e-01
1.163816000000000017e-01
1.169141999999999959e-01
1.205031000000000019e-01
1.235263999999999945e-01
1.316015000000000101e-01
1.515697000000000016e-01
1.712919999999999998e-01
1.588766000000000067e-01
1.387027000000000121e-01
1.129571999999999937e-01
6.799755000000000382e-02
9.031142000000000336e-02
1.465200999999999865e-01
1.514089000000000129e-01
1.147441000000000016e-01
