3.704041999999999751e-02
3.931425999999999671e-02
4.490684000000000342e-02
7.380546000000000328e-02
8.835284999999999667e-02
8.699036999999999742e-02
8.338755000000000472e-02
7.792475000000000096e-02
8.054880000000000373e-02
7.770170999999999328e-02
7.141255000000000519e-02
6.440634000000000636e-02
5.511274000000000034e-02
5.282243999999999828e-02
6.695674000000000070e-02
1.125353000000000048e-01
1.471129999999999938e-01
1.374348999999999987e-01
1.230122000000000021e-01
1.734754000000000018e-01
1.214240999999999931e-01
1.056442999999999965e-01
1.171185000000000004e-01
1.045805000000000068e-01
8.931190999999999436e-02
