5.170032000000000100e-02
4.838784000000000141e-02
5.666514000000000273e-02
8.742872999999999617e-02
1.143639000000000044e-01
1.091169000000000028e-01
1.131058000000000063e-01
1.037314000000000014e-01
1.056297000000000069e-01
1.031949000000000061e-01
1.012668000000000040e-01
9.771560999999999442e-02
8.987174000000000551e-02
8.532637999999999334e-02
6.831600000000000172e-02
5.424057000000000184e-02
7.537003999999999926e-02
1.514249000000000012e-01
2.005370999999999959e-01
1.962083000000000022e-01
1.233162000000000008e-01
1.607841000000000131e-01
1.385175999999999907e-01
1.291933000000000109e-01
1.159657000000000049e-01
