9.055370000000000086e-02
8.366218000000000266e-02
8.405065999999999926e-02
1.085060999999999942e-01
1.280662999999999940e-01
1.186778000000000000e-01
1.251123000000000096e-01
1.115620999999999974e-01
1.165344999999999992e-01
1.176327000000000067e-01
1.114676000000000000e-01
1.118022000000000044e-01
1.155317000000000011e-01
1.223966999999999972e-01
1.272246999999999961e-01
1.521976999999999913e-01
1.642436999999999925e-01
1.768878999999999868e-01
1.586116999999999944e-01
1.282439999999999969e-01
7.255704999999999794e-02
6.660505999999999371e-02
1.165978000000000014e-01
1.556220000000000103e-01
1.449190999999999951e-01
