2.500000e+002	8.504873e-005			2.500000e+002	3.516165e-004			2.500000e+002	3.199982e-004			2.500000e+002	1.062272e-004			2.500000e+002	1.043424e-004			
3.150000e+002	7.714339e-005			3.150000e+002	3.127673e-004			3.150000e+002	2.823180e-004			3.150000e+002	9.605653e-005			3.150000e+002	9.061040e-005			
4.000000e+002	7.096962e-005			4.000000e+002	2.759928e-004			4.000000e+002	2.502155e-004			4.000000e+002	8.675096e-005			4.000000e+002	8.109467e-005			
5.000000e+002	6.211567e-005			5.000000e+002	2.476967e-004			5.000000e+002	2.272080e-004			5.000000e+002	7.789324e-005			5.000000e+002	7.414625e-005			
6.300000e+002	5.816072e-005			6.300000e+002	2.219246e-004			6.300000e+002	2.028763e-004			6.300000e+002	7.142395e-005			6.300000e+002	6.638060e-005			
8.000000e+002	5.465955e-005			8.000000e+002	1.968118e-004			8.000000e+002	1.813574e-004			8.000000e+002	6.487332e-005			8.000000e+002	6.338917e-005			
1.000000e+003	4.793059e-005			1.000000e+003	1.774439e-004			1.000000e+003	1.624465e-004			1.000000e+003	5.936228e-005			1.000000e+003	5.758974e-005			
1.250000e+003	4.525186e-005			1.250000e+003	1.583069e-004			1.250000e+003	1.452709e-004			1.250000e+003	5.522776e-005			1.250000e+003	5.401957e-005			
1.600000e+003	4.323089e-005			1.600000e+003	1.450746e-004			1.600000e+003	1.318791e-004			1.600000e+003	5.203308e-005			1.600000e+003	5.131121e-005			
2.000000e+003	4.218212e-005			2.000000e+003	1.311651e-004			2.000000e+003	1.207979e-004			2.000000e+003	4.905730e-005			2.000000e+003	4.999142e-005			
2.500000e+003	4.299503e-005			2.500000e+003	1.185178e-004			2.500000e+003	1.096202e-004			2.500000e+003	4.937294e-005			2.500000e+003	4.852697e-005			
3.150000e+003	4.306563e-005			3.150000e+003	1.109810e-004			3.150000e+003	1.007723e-004			3.150000e+003	4.836517e-005			3.150000e+003	4.666025e-005			
4.000000e+003	4.377651e-005			4.000000e+003	1.022883e-004			4.000000e+003	9.596406e-005			4.000000e+003	4.873659e-005			4.000000e+003	4.604969e-005			
5.000000e+003	4.574271e-005			5.000000e+003	9.619178e-005			5.000000e+003	9.223277e-005			5.000000e+003	4.866852e-005			5.000000e+003	4.481088e-005			
6.300000e+003	4.560740e-005			6.300000e+003	9.242850e-005			6.300000e+003	8.891411e-005			6.300000e+003	4.823908e-005			6.300000e+003	4.408884e-005			
8.000000e+003	4.506390e-005			8.000000e+003	9.022348e-005			8.000000e+003	8.776240e-005			8.000000e+003	4.816960e-005			8.000000e+003	4.334403e-005